72 310
0 2
0 3
0 6
1 4
1 5
1 7
2 0
2 6
2 8
3 0
3 6
3 9
4 1
4 7
4 10
5 1
5 7
5 11
6 0
6 2
6 3
6 8
6 9
6 12
7 1
7 4
7 5
7 10
7 11
7 15
8 2
8 6
8 12
9 3
9 6
9 12
9 13
9 16
10 4
10 7
10 14
10 15
10 17
11 5
11 7
11 15
12 6
12 8
12 9
12 16
12 18
13 9
13 16
13 19
14 10
14 17
14 20
15 7
15 10
15 11
15 17
15 21
16 9
16 12
16 13
16 18
16 19
16 22
17 10
17 14
17 15
17 20
17 21
17 25
18 12
18 16
18 22
19 13
19 16
19 22
19 23
19 26
20 14
20 17
20 24
20 25
20 27
21 15
21 17
21 25
22 16
22 18
22 19
22 26
22 28
23 19
23 26
23 29
24 20
24 27
24 30
25 17
25 20
25 21
25 27
25 31
26 19
26 22
26 23
26 28
26 29
26 32
27 20
27 24
27 25
27 30
27 31
27 34
28 22
28 26
28 32
29 23
29 26
29 32
29 33
29 35
30 24
30 27
30 33
30 34
30 36
31 25
31 27
31 34
32 26
32 28
32 29
32 35
32 37
33 29
33 30
33 35
33 36
33 38
34 27
34 30
34 31
34 36
34 39
35 29
35 32
35 33
35 37
35 38
35 41
36 30
36 33
36 34
36 38
36 39
36 42
37 32
37 35
37 40
37 41
37 44
38 33
38 35
38 36
38 41
38 42
39 34
39 36
39 42
39 43
39 45
40 37
40 44
40 46
41 35
41 37
41 38
41 44
41 47
42 36
42 38
42 39
42 45
42 48
43 39
43 45
43 49
44 37
44 40
44 41
44 46
44 47
44 51
45 39
45 42
45 43
45 48
45 49
45 52
46 40
46 44
46 50
46 51
46 54
47 41
47 44
47 51
48 42
48 45
48 52
49 43
49 45
49 52
49 53
49 55
50 46
50 54
50 56
51 44
51 46
51 47
51 54
51 57
52 45
52 48
52 49
52 55
52 58
53 49
53 55
53 59
54 46
54 50
54 51
54 56
54 57
54 61
55 49
55 52
55 53
55 58
55 59
55 62
56 50
56 54
56 60
56 61
56 64
57 51
57 54
57 61
58 52
58 55
58 62
59 53
59 55
59 62
59 63
59 65
60 56
60 64
60 66
61 54
61 56
61 57
61 64
61 67
62 55
62 58
62 59
62 65
62 68
63 59
63 65
63 69
64 56
64 60
64 61
64 66
64 67
64 70
65 59
65 62
65 63
65 68
65 69
65 71
66 60
66 64
66 70
67 61
67 64
67 70
68 62
68 65
68 71
69 63
69 65
69 71
70 64
70 66
70 67
71 65
71 68
71 69
